482776
620956
820176
585368
759626
566132
446306
718536
16282
345436
146230
122192
496188
304430
29568
197652
519512
452536
569730
744422
845460
854532
100254
360668
980266
15890
382018
871402
125874
871150
978712
930370
631792
330554
129556
419076
313936
499324
612598
261590
626640
819014
319102
722218
86324
13048
327250
787808
171794
784826
406602
597212
188020
617218
660968
698838
122360
207018
888146
790580
135730
171010
515298
928046
285866
891212
238560
777700
394394
655242
579978
466606
102928
795270
806176
326116
770266
247716
484890
186186
833098
811790
30856
97034
186116
650538
886900
321664
14252
542724
664286
309330
163800
807128
343896
407918
997990
691348
826056
236068
621656
847168
534422
521528
464086
758828
26334
860776
910028
487886
119364
265916
610708
332570
293916
234304
300076
26432
161210
970410
29400
400764
739802
712866
506898
882462
507822
238252
972356
773024
892696
633136
620018
719040
909510
105700
118300
832076
460390
875868
151004
323232
340788
988372
900956
785176
153174
338758
330680
699230
865592
911344
408814
647500
819770
574224
972272
628362
652708
307888
30128
383600
932008
279846
156730
368942
511322
131278
288848
186872
183750
413182
897820
404096
372708
64834
615986
85834
653912
515844
830970
882966
609588
608846
911036
213836
821072
937174
602126
147462
567700
819826
740936
731122
531384
690760
776048
92876
138152
653310
810194
523250
849296
420378
234122
665336
297192
521262
813260
261534
403522
494508
864514
892178
63714
792792
188230
766248
171990
775278
994014
523992
796082
318052
327180
990080
785162
853482
179942
613648
753690
426804
122486
968324
281862
407946
990262
70140
844172